6.742968750000000000e+01
1.239921875000000000e+02
6.742968750000000000e+01
1.408359375000000000e+02
6.939843750000000000e+01
1.528671875000000000e+02
7.432031250000000000e+01
1.673046875000000000e+02
8.121093750000000000e+01
1.793359375000000000e+02
8.908593750000000000e+01
1.865546875000000000e+02
1.008984375000000000e+02
1.949765625000000000e+02
1.127109375000000000e+02
1.997890625000000000e+02
1.264921875000000000e+02
2.009921875000000000e+02
1.402734375000000000e+02
2.009921875000000000e+02
1.530703125000000000e+02
1.961796875000000000e+02
1.629140625000000000e+02
1.889609375000000000e+02
1.717734375000000000e+02
1.805390625000000000e+02
1.776796875000000000e+02
1.709140625000000000e+02
1.835859375000000000e+02
1.564765625000000000e+02
1.855546875000000000e+02
1.420390625000000000e+02
1.855546875000000000e+02
1.215859375000000000e+02
7.825781250000000000e+01
1.023359375000000000e+02
8.564062500000000000e+01
9.812500000000000000e+01
9.351562500000000000e+01
9.692187500000000000e+01
1.018828125000000000e+02
9.812500000000000000e+01
1.102500000000000000e+02
1.011328125000000000e+02
1.451953125000000000e+02
1.041406250000000000e+02
1.540546875000000000e+02
1.023359375000000000e+02
1.624218750000000000e+02
1.017343750000000000e+02
1.707890625000000000e+02
1.035390625000000000e+02
1.796484375000000000e+02
1.083515625000000000e+02
1.274765625000000000e+02
1.215859375000000000e+02
1.274765625000000000e+02
1.324140625000000000e+02
1.274765625000000000e+02
1.432421875000000000e+02
1.274765625000000000e+02
1.540703125000000000e+02
1.176328125000000000e+02
1.564765625000000000e+02
1.225546875000000000e+02
1.588828125000000000e+02
1.274765625000000000e+02
1.600859375000000000e+02
1.323984375000000000e+02
1.588828125000000000e+02
1.373203125000000000e+02
1.564765625000000000e+02
8.514843750000000000e+01
1.215859375000000000e+02
9.007031250000000000e+01
1.167734375000000000e+02
1.028671875000000000e+02
1.167734375000000000e+02
1.077890625000000000e+02
1.227890625000000000e+02
1.028671875000000000e+02
1.251953125000000000e+02
9.105468750000000000e+01
1.251953125000000000e+02
1.471640625000000000e+02
1.239921875000000000e+02
1.530703125000000000e+02
1.167734375000000000e+02
1.668515625000000000e+02
1.179765625000000000e+02
1.717734375000000000e+02
1.215859375000000000e+02
1.668515625000000000e+02
1.276015625000000000e+02
1.530703125000000000e+02
1.276015625000000000e+02
1.077890625000000000e+02
1.733203125000000000e+02
1.156640625000000000e+02
1.733203125000000000e+02
1.235390625000000000e+02
1.721171875000000000e+02
1.274765625000000000e+02
1.721171875000000000e+02
1.304296875000000000e+02
1.721171875000000000e+02
1.383046875000000000e+02
1.733203125000000000e+02
1.461796875000000000e+02
1.733203125000000000e+02
1.402734375000000000e+02
1.781328125000000000e+02
1.343671875000000000e+02
1.793359375000000000e+02
1.264921875000000000e+02
1.805390625000000000e+02
1.205859375000000000e+02
1.793359375000000000e+02
1.136953125000000000e+02
1.769296875000000000e+02
1.087734375000000000e+02
1.733203125000000000e+02
1.186171875000000000e+02
1.757265625000000000e+02
1.274765625000000000e+02
1.757265625000000000e+02
1.363359375000000000e+02
1.757265625000000000e+02
1.451953125000000000e+02
1.733203125000000000e+02
1.363359375000000000e+02
1.757265625000000000e+02
1.274765625000000000e+02
1.757265625000000000e+02
1.176328125000000000e+02
1.745234375000000000e+02
